0.0000000  0.0000000  -50.0000000
5.0000000  0.0000000  -50.0000000
0.0000000  5.0000000  -50.0000000

0.0000000  0.0000000  -50.0000000
10.0000000  0.0000000  -50.0000000
0.0000000  10.0000000  -50.0000000

20.0000000  0.0000000  -50.0000000
30.0000000  0.0000000  -50.0000000
20.0000000  10.0000000  -50.0000000

20.0000000  0.0000000  -50.0000000
20.0000000  10.0000000  -50.0000000
10.0000000  0.0000000  -50.0000000

20.0000000  0.0000000  -50.0000000
20.0000000  20.0000000  -50.0000000
0.0000000  0.0000000  -50.0000000

40.0000000  0.0000000  -50.0000000
50.0000000  0.0000000  -50.0000000
40.0000000  10.0000000  -50.0000000

40.0000000  0.0000000  -50.0000000
40.0000000  0.0000000  -40.0000000
40.0000000  10.0000000  -50.0000000

20.0000000  0.0000000  -50.0000000
30.0000000  0.0000000  -50.0000000
20.0000000  10.0000000  -50.0000000

0.0000000  0.0000000  -50.0000000
3.7500000  1.2500000  -53.0618629
1.2500000  3.7500000  -46.9381371

0.0000000  0.0000000  -50.0000000
4.0236893  2.5293968  -51.5530853
-1.5530860  4.0236893  -47.4706039

0.0000000  0.0000000  -50.0000000
4.3779750  2.1001556  -51.1927605
-1.9087632  4.5215192  -49.0447578

0.0000000  0.0000000  -50.0000000
2.8448274  -3.7335789  -51.7225990
2.6990962  3.2758620  -52.6426506

