0.0000000  0.0000000  0.0000000
5.0000000  0.0000000  0.0000000
0.0000000  5.0000000  0.0000000

0.0000000  0.0000000  0.0000000
10.0000000  0.0000000  0.0000000
0.0000000  10.0000000  0.0000000

20.0000000  0.0000000  0.0000000
30.0000000  0.0000000  0.0000000
20.0000000  10.0000000  0.0000000

20.0000000  0.0000000  0.0000000
20.0000000  10.0000000  0.0000000
10.0000000  0.0000000  0.0000000

20.0000000  0.0000000  0.0000000
20.0000000  20.0000000  0.0000000
0.0000000  0.0000000  0.0000000

40.0000000  0.0000000  0.0000000
50.0000000  0.0000000  0.0000000
40.0000000  10.0000000  0.0000000

40.0000000  0.0000000  0.0000000
40.0000000  0.0000000  10.0000000
40.0000000  10.0000000  0.0000000

20.0000000  0.0000000  0.0000000
30.0000000  0.0000000  0.0000000
20.0000000  10.0000000  0.0000000

0.0000000  0.0000000  0.0000000
3.7500000  1.2500000  -3.0618622
1.2500000  3.7500000  3.0618622

0.0000000  0.0000000  0.0000000
4.0236893  2.5293968  -1.5530860
-1.5530860  4.0236893  2.5293968

0.0000000  0.0000000  0.0000000
4.3779750  2.1001556  -1.1927620
-1.9087632  4.5215192  0.9552416

0.0000000  0.0000000  0.0000000
2.8448274  -3.7335789  -1.7225981
2.6990962  3.2758620  -2.6426516

